80,35
51,1
51,3
59,1
59,3
58,1
58,3
52,1
52,3
56,1
56,3
57,1
57,3
54,1
54,3
50,1
50,3
3,2
3,1
3,3
10,129
10,161
10,223
10,211
10,217
10,21
10,271
10,293
10,2
10,3
11,12
11,7
11,25
11,19
11,17
9,7
9,5
9,2
9,3
8,16
8,18
8,8
8,15
8,13
8,2
8,3
0,412
2,2
2,1
2,3
75,4
75,3
75,2
75,1
75,0
74,3
74,2
74,1
74,0
73,3
73,2
73,1
73,0
72,3
72,2
72,1
72,0
71,3
71,2
71,1
71,0
70,4
70,3
70,2
70,1
70,0
69,4
69,3
69,2
69,1
69,0
68,5
68,4
68,3
68,2
68,1
68,0
67,4
67,3
67,2
67,1
67,0
66,4
66,3
66,2
66,1
66,0
65,3
65,2
65,1
65,0
64,3
64,2
64,1
64,0
63,3
63,2
63,1
63,0
62,4
62,3
62,2
62,1
62,0
61,4
61,1
20,3
20,2
20,1
19,3
19,2
